1000.000000	0.002875
1050.000000	0.002569
1100.000000	0.002545
1150.000000	0.002262
1200.000000	0.002616
1250.000000	0.002309
1300.000000	0.002192
1350.000000	0.002592
1400.000000	0.002592
1450.000000	0.002003
1500.000000	0.002239
1550.000000	0.001979
1600.000000	0.002969
1650.000000	0.006315
1700.000000	0.017037
1750.000000	0.048167
1800.000000	0.111768
1850.000000	0.231054
1900.000000	0.413635
1950.000000	0.620888
2000.000000	0.818268
2050.000000	0.956476
2100.000000	1.000000
2150.000000	0.953106
2200.000000	0.869969
2250.000000	0.773188
2300.000000	0.679352
2350.000000	0.598431
2400.000000	0.538529
2450.000000	0.487228
2500.000000	0.448204
2550.000000	0.410760
2600.000000	0.379018
2650.000000	0.362852
2700.000000	0.335069
2750.000000	0.318550
2800.000000	0.302408
2850.000000	0.289495
2900.000000	0.273235
2950.000000	0.261264
3000.000000	0.249364
3050.000000	0.240126
3100.000000	0.224715
3150.000000	0.224715
3200.000000	0.215195
3250.000000	0.203671
3300.000000	0.202847
3350.000000	0.191135
3400.000000	0.185361
3450.000000	0.179706
3500.000000	0.176690
3550.000000	0.172707
3600.000000	0.163658
3650.000000	0.158545
3700.000000	0.157814
3750.000000	0.149802
3800.000000	0.146409
3850.000000	0.138538
3900.000000	0.138538
3950.000000	0.138043
4000.000000	0.130432
4050.000000	0.128570
4100.000000	0.121595
4150.000000	0.119238
4200.000000	0.117094
4250.000000	0.112947
4300.000000	0.114007
4350.000000	0.107197
4400.000000	0.107338
4450.000000	0.104793
4500.000000	0.101188
4550.000000	0.097700
4600.000000	0.099043
4650.000000	0.092327
4700.000000	0.092657
4750.000000	0.088486
4800.000000	0.086342
4850.000000	0.083985
4900.000000	0.080356
4950.000000	0.081770
5000.000000	0.076845
5050.000000	0.078047
5100.000000	0.073947
5150.000000	0.074277
5200.000000	0.070718
5250.000000	0.069540
5300.000000	0.068008
5350.000000	0.065864
5400.000000	0.061339
5450.000000	0.061787
5500.000000	0.061622
5550.000000	0.059336
5600.000000	0.056674
5650.000000	0.057852
5700.000000	0.056603
5750.000000	0.053752
5800.000000	0.053021
5850.000000	0.050382
5900.000000	0.051442
5950.000000	0.049180
6000.000000	0.049604
6050.000000	0.047436
6100.000000	0.045457
6150.000000	0.046329
6200.000000	0.042865
6250.000000	0.042299
6300.000000	0.042134
6350.000000	0.040744
6400.000000	0.039730
6450.000000	0.038481
6500.000000	0.039000
6550.000000	0.035607
6600.000000	0.038057
6650.000000	0.034475
6700.000000	0.034122
6750.000000	0.033627
6800.000000	0.032425
6850.000000	0.032213
6900.000000	0.030634
6950.000000	0.029998
7000.000000	0.032095
7050.000000	0.031106
7100.000000	0.029503
7150.000000	0.027594
7200.000000	0.026699
7250.000000	0.026605
7300.000000	0.025309
7350.000000	0.025639
7400.000000	0.025945
7450.000000	0.025921
7500.000000	0.022787
7550.000000	0.023612
7600.000000	0.022999
7650.000000	0.022104
7700.000000	0.019959
7750.000000	0.022057
7800.000000	0.021774
7850.000000	0.020337
7900.000000	0.021986
7950.000000	0.018593
8000.000000	0.020195
8050.000000	0.018711
8100.000000	0.018923
8150.000000	0.018593
8200.000000	0.017391
8250.000000	0.017768
8300.000000	0.016260
8350.000000	0.015317
8400.000000	0.015859
8450.000000	0.015553
8500.000000	0.015883
8550.000000	0.014846
8600.000000	0.014587
8650.000000	0.013974
8700.000000	0.014469
8750.000000	0.014045
8800.000000	0.013833
8850.000000	0.013668
8900.000000	0.012372
8950.000000	0.012584
9000.000000	0.012725
9050.000000	0.012560
9100.000000	0.011617
9150.000000	0.011547
9200.000000	0.011735
9250.000000	0.011500
9300.000000	0.010746
9350.000000	0.010321
9400.000000	0.011547
9450.000000	0.010109
9500.000000	0.010345
9550.000000	0.010227
9600.000000	0.010298
9650.000000	0.009379
9700.000000	0.009850
9750.000000	0.009402
9800.000000	0.008931
9850.000000	0.009662
9900.000000	0.008766
9950.000000	0.008578
10000.000000	0.008271
10050.000000	0.008790
10100.000000	0.008318
10150.000000	0.007706
10200.000000	0.007729
10250.000000	0.008059
10300.000000	0.007989
10350.000000	0.007258
10400.000000	0.007635
10450.000000	0.007447
10500.000000	0.006740
10550.000000	0.006952
10600.000000	0.007894
10650.000000	0.007211
10700.000000	0.006598
10750.000000	0.006339
10800.000000	0.006716
10850.000000	0.006787
10900.000000	0.006480
10950.000000	0.005491
11000.000000	0.006410
11050.000000	0.005585
11100.000000	0.005561
11150.000000	0.005938
11200.000000	0.005443
11250.000000	0.006174
11300.000000	0.005443
11350.000000	0.005396
11400.000000	0.006056
11450.000000	0.005538
11500.000000	0.005066
11550.000000	0.005703
11600.000000	0.004854
11650.000000	0.005114
11700.000000	0.005396
11750.000000	0.004407
11800.000000	0.005797
11850.000000	0.004524
11900.000000	0.004383
11950.000000	0.004760
12000.000000	0.004642
12050.000000	0.004784
12100.000000	0.004242
12150.000000	0.004595
12200.000000	0.004572
12250.000000	0.004336
12300.000000	0.004124
12350.000000	0.004548
12400.000000	0.004524
12450.000000	0.003865
12500.000000	0.003888
12550.000000	0.004336
12600.000000	0.003912
12650.000000	0.003464
12700.000000	0.004548
12750.000000	0.004124
12800.000000	0.004030
12850.000000	0.003700
12900.000000	0.003393
12950.000000	0.003959
13000.000000	0.003252
13050.000000	0.003205
13100.000000	0.003865
13150.000000	0.003558
13200.000000	0.003653
13250.000000	0.003299
13300.000000	0.003393
13350.000000	0.003158
13400.000000	0.003323
13450.000000	0.003252
13500.000000	0.003770
13550.000000	0.003653
13600.000000	0.003605
13650.000000	0.003205
13700.000000	0.002993
13750.000000	0.003912
